2020-02-21      0       0       1
2020-02-22      0       0       1
2020-02-23      0       0       1
2020-02-24      0       0       2
2020-02-25      0       0       2
2020-02-26      0       0       2
2020-02-27      0       0       3
2020-02-28      0       0       6
2020-02-29      0       0       6
2020-03-01      0       0       7
2020-03-02      0       0       12
2020-03-03      0       0       15
2020-03-04      0       0       15
2020-03-05      0       0       24
2020-03-06      0       0       28
2020-03-07      0       0       32
2020-03-08      0       0       41
2020-03-09      0       0       45
2020-03-10      0       0       78
2020-03-11      0       0       97
2020-03-12      0       0       119
2020-03-13      0       1       154
2020-03-14      0       1       183
2020-03-15      0       1       223
2020-03-16      0       1       296
2020-03-17      0       3       390
2020-03-18      0       5       515
2020-03-19      0       9       651
2020-03-20      1       10      819
2020-03-21      1       11      1030
2020-03-22      1       15      1284
2020-03-23      1       21      1636
2020-03-24      4       26      2059
2020-03-25      5       32      2484
2020-03-26      10      42      3004
2020-03-27      12      60      3438
2020-03-28      13      69      3918
2020-03-29      16      83      4450
2020-03-30      17      116     4999
2020-03-31      21      159     5739
2020-04-01      29      300     6443
2020-04-02      38      379     7167
2020-04-03      43      436     7767
2020-04-04      49      489     8196
2020-04-05      56      590     8781
2020-04-06      64      710     9232
2020-04-07      72      832     9609
2020-04-08      80      940     9950
2020-04-09      89      1051        10293
2020-04-10      97      1180        10652
2020-04-11      103     1302        10997
2020-04-12      109     1559        11549
2020-04-13      118     1838        11987
2020-04-14      126     2128        12386
2020-04-15      139     2407        12697
2020-04-16      146     2732        12994
2020-04-17      155     3087        13292
2020-04-18      166     3335        13583
2020-04-19      174     3715        13859
2020-04-20      180     4162        14158
2020-04-21      190     4535        14440
2020-04-22      193     4925        14666
2020-04-23      197     5251        14942
2020-04-24      200     5586        15191
2020-04-25      203     5960        15350
2020-04-26      205     6390        15433
2020-04-27      209     6856        15560
2020-04-28      214     7416        15721
2020-04-29      220     7766        15803
2020-04-30      226     8189        15946
2020-05-01      230     8605        16062
2020-05-02      233     8880        16119
2020-05-03      236     9170        16146
2020-05-04      239     9429        16201
2020-05-05      241     9743        16234
2020-05-06      242     10000       16299
2020-05-07      243     10225       16360
2020-05-08      249     10445       16393
2020-05-09      252     10534       16413
2020-05-10      256     10703       16442
2020-05-11      261     11034       16481
2020-05-12      264     11291       16504
2020-05-13      267     11472       16543
2020-05-14      270     11712       16565
2020-05-15      270     11873       16577
2020-05-16      273     11976       16582
2020-05-17      277     12128       16597
2020-05-18      280     12402       16624
2020-05-19      282     12554       16646
2020-05-20      283     12665       16661
2020-05-21      283     12787       16678
2020-05-22      283     12950       16697
2020-05-23      283     12994       16702
2020-05-24      284     13110       16715
2020-05-25      286     13242       16737
2020-05-26      286     13332       16787
2020-05-27      288     13392       16827
2020-05-28      289     13506       16904
2020-05-29      289     13545       17017
2020-05-30      289     13585       17046
2020-05-31      289     13646       17133
2020-06-01      292     13714       17233
2020-06-02      294     13767       17354
2020-06-03      295     13794       17451
2020-06-04      295     13836       17593
2020-06-05      296     13873       17720
2020-06-06      300     13897       17798
2020-06-07      302     13939       17938
2020-06-08      302     13978       18117
2020-06-09      303     14023       18291
2020-06-10      304     14074       18532
2020-06-11      304     14129       18724
2020-06-12      304     14183       18908
2020-06-13      305     14223       19057
2020-06-14      307     14272       19193
2020-06-15      307     14361       19393
2020-06-16      308     14413       19692
2020-06-17      308     14460       19963
2020-06-18      308     14510       20266
2020-06-19      309     14567       20576
2020-06-20      310     14603       20737
2020-06-21      310     14652       20911
2020-06-22      311     14711       21256
2020-06-23      313     14795       21709
2020-06-24      316     14866       22196
2020-06-25      320     14941       22712
2020-06-26      323     15071       23176
2020-06-27      326     15121       23574
2020-06-28      328     15260       23960
2020-06-29      328     15424       24718
2020-06-30      329     15551       25507
2020-07-01      332     15649       26478
2020-07-02      333     15775       27628
2020-07-03      336     15891       28571
2020-07-04      341     15967       29392
2020-07-05      343     16111       30222
2020-07-06      351     16304       31356
2020-07-07      356     16477       32746
2020-07-08      361     16700       34073
2020-07-09      366     16926       35597
2020-07-10      370     17138       37007
2020-07-11      375     17329       38175
2020-07-12      382     17667       39414
2020-07-13      386     18030       41132
2020-07-14      393     18343       42735
2020-07-15      399     18705       44612
2020-07-16      408     19213       46549
2020-07-17      420     19694       48155
2020-07-18      428     20142       49603
2020-07-19      438     20662       50619
2020-07-20      450     21288       52507
2020-07-21      459     21929       54514
2020-07-22      465     25627       56558
2020-07-23      481     32346       58547
2020-07-24      489     33940       60378
2020-07-25      496     34529       61490
2020-07-26      507     37248       62531
2020-07-27      514     39008       64581
2020-07-28      522     40554       66706
2020-07-29      537     41950       68663
2020-07-30      552     43627       70451
2020-07-31      566     44915       71813
2020-08-01      580     45448       72438
2020-08-02      592     47883       73146
2020-08-03      607     49679       74948
2020-08-04      618     51324       76677
2020-08-05      628     52801       78367
2020-08-06      637     54541       80044
2020-08-07      649     55746       81809
2020-08-08      662     56353       82563
2020-08-09      670     58681       83487
2020-08-10      685     60073       85191
2020-08-11      696     61052       87015
2020-08-12      712     62183       88637
2020-08-13      728     63490       90281
2020-08-14      740     64473       91670
2020-08-15      750     65037       92427
2020-08-16      770     67252       93496
2020-08-17      774     68443       95146
2020-08-18      788     69561       96795
2020-08-19      800     71033       98436
2020-08-20      814     72464       99922
2020-08-21      827     73505       101416
2020-08-22      837     74169       102127
2020-08-23      850     76289       103092
2020-08-24      866     77689       104994
2020-08-25      885     78484       106953
2020-08-26      896     82127       108939
2020-08-27      907     83644       111043
2020-08-28      920     85478       112876
2020-08-29      925     86189       113786
2020-08-30      939     88461       114888
2020-08-31      962     89933       117066
2020-09-01      977     90939       119319
2020-09-02      990     92338       122512
2020-09-03      1006        94130       125174
2020-09-04      1018        95324       127797
2020-09-05      1033        96209       129302
2020-09-06      1045        98605       131478
2020-09-07      1062        100201      134867
2020-09-08      1082        101629      138357
2020-09-09      1097        103092      142350
2020-09-10      1111        105065      146511
2020-09-11      1131        106835      150487
2020-09-12      1146        108097      153207
2020-09-13      1163        111364      156381
2020-09-14      1183        113763      161192
2020-09-15      1199        116033      166733
2020-09-16      1225        118826      171309
2020-09-17      1242        122530      176696
2020-09-18      1263        125378      182037
2020-09-19      1291        126819      185849
2020-09-20      1312        129293      188427
2020-09-21      1344        133948      192302
2020-09-22      1369        137466      199330
2020-09-23      1394        141282      206481
2020-09-24      1425        145880      214753
2020-09-25      1454        150026      223150
2020-09-26      1481        152419      229032
2020-09-27      1512        158115      232473
2020-09-28      1541        160286      233632
2020-09-29      1576        166092      238625
2020-09-30      1613        171266      247703
2020-10-01      1659        177024      255433
2020-10-02      1684        182616      262494
2020-10-03      1722        186124      265089
2020-10-04      1759        194225      268028
2020-10-05      1786        201185      273750
2020-10-06      1831        207620      278475
2020-10-07      1857        212513      282639
2020-10-08      1904        217327      286395
2020-10-09      1944        222434      289359
2020-10-10      1979        226238      290275
2020-10-11      2024        233810      291921
2020-10-12      2054        239334      295092
2020-10-13      2091        245068      297428
2020-10-14      2125        250915      299546
2020-10-15      2157        256341      301157
2020-10-16      2192        259828      302657
2020-10-17      2224        262340      303069
2020-10-18      2257        267270      303993
2020-10-19      2288        269622      305512
2020-10-20      2308        271427      306707
2020-10-21      2333        274571      307877
2020-10-22      2362        277697      308909
2020-10-23      2388        280127      309759
2020-10-24      2414        281433      310005
2020-10-25      2448        284119      310611
2020-10-26      2476        285411      311495
2020-10-27      2504        286369      312382
2020-10-28      2514        287664      313106
2020-10-29      2533        289103      313752
2020-10-30      2545        290168      314431
2020-10-31      2570        290962      314659
2020-11-01      2589        292476      315317
2020-11-02      2604        293388      316106
2020-11-03      2630        294117      316951
2020-11-04      2645        294743      317720
2020-11-05      2659        295587      318290
2020-11-06      2675        296477      318982
2020-11-07      2683        297162      319194
2020-11-08      2690        297840      319728
2020-11-09      2698        298760      320447
2020-11-10      2708        299097      321122
2020-11-11      2715        300180      321888
2020-11-12      2727        301388      322724
2020-11-13      2732        302123      323485
2020-11-14      2743        302544      323777
2020-11-15      2757        303513      324403
2020-11-16      2766        304172      325276
2020-11-17      2778        304748      326105
2020-11-18      2785        305544      326900
2020-11-19      2793        306294      327671
2020-11-20      2799        306963      328444
2020-11-21      2811        307410      328867
2020-11-22      2827        308414      329629
2020-11-23      2834        309065      330588
2020-11-24      2839        309606      331445
2020-11-25      2844        310452      332525
2020-11-26      2853        311377      333612
2020-11-27      2860        312067      334646
2020-11-28      2869        312489      335229
2020-11-29      2879        313597      336253
2020-11-30      2885        314331      337510
2020-12-01      2895        315030      338708
2020-12-02      2900        315872      340296
2020-12-03      2910        317300      341748
2020-12-04      2919        318165      343264
2020-12-05      2929        318762      344265
2020-12-06      2937        320154      345629
2020-12-07      2944        321063      347488
2020-12-08      2956        321954      349256
2020-12-09      2969        322980      351123
2020-12-10      2982        324413      353129
2020-12-11      2993        325558      354964
2020-12-12      3009        326477      356262
2020-12-13      3018        328389      357991
2020-12-14      3029        329655      360305
2020-12-15      3044        330864      363195
2020-12-16      3059        332490      366047
2020-12-17      3076        334441      368894
2020-12-18      3092        336003      371688
2020-12-19      3111        337091      373574
2020-12-20      3130        339668      376666
2020-12-21      3146        341230      380521
2020-12-22      3159        342857      384902
2020-12-23      3184        344886      388940
2020-12-24      3199        347758      392993
2020-12-25      3220        350161      397005
2020-12-26      3243        351978      399664
2020-12-27      3264        356199      403192
2020-12-28      3296        358679      408712
2020-12-29      3321        361074      414351
2020-12-30      3337        364806      420219
2020-12-31      3373        369086      426094
2021-01-01      3407        372557      432115
2021-01-02      3434        374604      436334
2021-01-03      3460        380188      441564
2021-01-04      3498        383285      449972
2021-01-05      3521        386249      458209
2021-01-06      3564        391046      466087
2021-01-07      3612        396920      473735
2021-01-08      3658        401776      481895
2021-01-09      3678        404875      487053
2021-01-10      3721        413268      493990
2021-01-11      3749        418134      503704
2021-01-12      3804        422716      513003
2021-01-13      3861        430758      522474
2021-01-14      3920        440001      531769
2021-01-15      3972        448050      540198
2021-01-16      4019        452341      545285
2021-01-17      4075        463290      550932
2021-01-18      4121        469475      561050
2021-01-19      4164        475000      569675
2021-01-20      4219        483807      578039
2021-01-21      4267        493850      585312
2021-01-22      4333        502362      592701
2021-01-23      4385        506565      595150
2021-01-24      4461        517175      600095
2021-01-25      4521        522823      608827
2021-01-26      4574        527932      616628
2021-01-27      4635        536653      624357
2021-01-28      4684        545931      631541
2021-01-29      4729        553511      638302
2021-01-30      4767        557073      640925
2021-01-31      4818        567224      646151
2021-02-01      4864        572386      655076
2021-02-02      4925        576803      663093
2021-02-03      4982        585038      670563
2021-02-04      5030        593221      677813
2021-02-05      5063        600513      684398
2021-02-06      5115        603581      687055
2021-02-07      5159        613341      691651
2021-02-08      5189        618361      699496
2021-02-09      5231        623283      705661
2021-02-10      5263        631579      711337
2021-02-11      5293        640362      716346
2021-02-12      5334        647612      721016
2021-02-13      5363        651034      722904
2021-02-14      5400        660682      726387
2021-02-15      5416        665568      731579
2021-02-16      5458        669319      736148
2021-02-17      5485        675862      740316
2021-02-18      5520        683364      743648
2021-02-19      5542        689281      747441
2021-02-20      5567        692692      748696
2021-02-21      5591        700123      751803
2021-02-22      5607        703795      756612
2021-02-23      5643        706966      761059
2021-02-24      5670        712350      765433
2021-02-25      5693        717366      769247
2021-02-26      5715        721124      773060
2021-02-27      5744        722688      774498
2021-02-28      5765        728358      777557
2021-03-01      5783        731094      782412
2021-03-02      5804        734009      786790
2021-03-03      5821        738611      791460
2021-03-04      5838        743403      795119
2021-03-05      5856        747397      798831
2021-03-06      5876        749316      800701
2021-03-07      5891        755023      803046
2021-03-08      5913        757701      806829
2021-03-09      5928        760622      809949
2021-03-10      5945        765211      812782
2021-03-11      5963        770209      815331
2021-03-12      5975        774116      817744
2021-03-13      5991        776152      818527
2021-03-14      6017        781973      819916
2021-03-15      6034        784630      822039
2021-03-16      6051        786871      823603
2021-03-17      6064        790505      825133
2021-03-18      6073        794105      826380
2021-03-19      6085        796653      827463
2021-03-20      6092        798116      827812
2021-03-21      6106        801612      828486
2021-03-22      6119        803302      829465
2021-03-23      6134        804041      830153
2021-03-24      6144        806294      830631
2021-03-25      6154        808399      831474
2021-03-26      6165        809894      831994
2021-03-27      6171        810753      832225
2021-03-28      6183        811635      832354
2021-03-29      6193        813106      832717
2021-03-30      6205        813928      833160
2021-03-31      6221        815005      833652
2021-04-01      6229        816069      833987
2021-04-02      6245        816712      834405
2021-04-03      6252        817176      834529
2021-04-04      6260        818233      834725
2021-04-05      6266        818743      835105
2021-04-06      6272        819237      835410
2021-04-07      6281        819662      835686
2021-04-08      6292        820303      835898
2021-04-09      6302        820881      836121
2021-04-10      6311        821269      836207
2021-04-11      6317        822046      836346
2021-04-12      6323        822408      836567
2021-04-13      6336        822788      836766
2021-04-14      6339        823271      836962
2021-04-15      6342        823531      837057
2021-04-16      6347        823897      837166
2021-04-17      6354        824110      837249
2021-04-18      6358        824657      837390
2021-04-19      6361        824857      837523
2021-04-20      6364        825085      837682
2021-04-21      6366        825322      837796
2021-04-22      6368        825658      837925
2021-04-23      6373        825924      838033
2021-04-24      6377        826040      838072
2021-04-25      6378        826233      838149
2021-04-26      6381        826379      838242
2021-04-27      6387        826527      838329
2021-04-28      6387        826704      838424
2021-04-29      6389        826874      838517
2021-04-30      6391        827004      838596
2021-05-01      6393        827075      838610
2021-05-02      6394        827292      838660
2021-05-03      6396        827444      838725
2021-05-04      6398        827550      838788
2021-05-05      6400        827691      838856
2021-05-06      6402        827835      838904
2021-05-07      6404        827923      838937
2021-05-08      6405        827986      838953
2021-05-09      6406        828131      838986
2021-05-10      6408        828188      839037
2021-05-11      6409        828271      839071
2021-05-12      6409        828364      839098
2021-05-13      6411        828436      839128
2021-05-14      6411        828502      839155
2021-05-15      6412        828548      839175
2021-05-16      6413        828649      839204
2021-05-17      6416        828667      839219
2021-05-18      6416        828759      839241
2021-05-19      6416        828850      839296
2021-05-20      6416        828925      839329
2021-05-21      6418        828958      839351
2021-05-22      6418        828982      839363
2021-05-23      6419        829068      839389
2021-05-24      6420        829098      839417
2021-05-25      6421        829140      839439
2021-05-26      6421        829176      839453
2021-05-27      6423        829214      839467
2021-05-28      6424        829254      839485
2021-05-29      6424        829271      839497
2021-05-30      6424        829341      839500
2021-05-31      6424        829368      839514
2021-06-01      6425        829404      839549
2021-06-02      6425        829452      839562
2021-06-03      6426        829590      839572
2021-06-04      6426        829601      839603
2021-06-05      6427        829607      839608
2021-06-06      6427        829663      839612
2021-06-07      6428        829715      839618
2021-06-08      6429        829729      839648
2021-06-09      6429        829750      839654
2021-06-10      6429        829781      839672
2021-06-11      6429        829802      839690
2021-06-12      6429        829816      839695
2021-06-13      6430        829844      839698
2021-06-14      6430        829866      839724
2021-06-15      6430        829881      839750
2021-06-16      6431        829890      839763
2021-06-17      6431        829933      839789
2021-06-18      6431        829944      839824
2021-06-19      6431        829953      839870
2021-06-20      6431        830039      839919
2021-06-21      6431        830077      840044
2021-06-22      6431        830086      840154
2021-06-23      6431        830110      840294
2021-06-24      6431        830152      840523
2021-06-25      6432        830170      840753
2021-06-26      6432        830185      840869
2021-06-27      6432        830257      841014
2021-06-28      6432        830315      841302
2021-06-29      6432        830390      841596
2021-06-30      6432        830482      841906
2021-07-01      6432        830647      842203
2021-07-02      6432        830783      842531
2021-07-03      6432        830880      842717
2021-07-04      6432        831164      843063
2021-07-05      6432        831359      843567
2021-07-06      6432        831536      844094
2021-07-07      6433        831781      844619
2021-07-08      6435        832106      845085
2021-07-09      6435        832355      845619
2021-07-10      6437        832488      845881
2021-07-11      6439        832918      846324
2021-07-12      6441        833199      847086
2021-07-13      6442        833527      847832
2021-07-14      6445        833977      848603
2021-07-15      6446        834539      849466
2021-07-16      6447        835012      850596
2021-07-17      6449        835213      851028
2021-07-18      6453        835863      851865
2021-07-19      6455        836311      853250
2021-07-20      6457        836694      854660
2021-07-21      6460        837343      856007
2021-07-22      6460        838127      857290
2021-07-23      6461        838825      858729
2021-07-24      6464        839233      859701
2021-07-25      6467        840539      861117
2021-07-26      6469        841376      863252
2021-07-27      6470        842278      865538
2021-07-28      6476        843429      867728
2021-07-29      6481        844793      869904
2021-07-30      6483        846029      872345
2021-07-31      6487        846611      874443
2021-08-01      6497        848526      876567
2021-08-02      6507        849643      880425
2021-08-03      6518        850898      883737
2021-08-04      6523        852750      887245
2021-08-05      6539        855027      891127
2021-08-06      6553        856942      895014
2021-08-07      6565        857955      897943
2021-08-08      6583        861225      901385
2021-08-09      6594        863234      907760
2021-08-10      6611        865596      913614
2021-08-11      6625        868869      919635
2021-08-12      6646        872512      925781
2021-08-13      6669        875773      931727
2021-08-14      6687        877354      935943
2021-08-15      6707        882442      941134
2021-08-16      6734        885867      949922
2021-08-17      6751        889203      957880
2021-08-18      6774        894502      965891
2021-08-19      6801        900389      973705
2021-08-20      6822        905869      981606
2021-08-21      6846        908593      987021
2021-08-22      6875        916799      993602
2021-08-23      6895        921796      1003622
2021-08-24      6923        926691      1013703
2021-08-25      6954        934432      1022924
2021-08-26      6985        943015      1032021
2021-08-27      7011        950939      1040703
2021-08-28      7034        954882      1047982
2021-08-29      7063        965581      1054764
2021-08-30      7087        972487      1065912
2021-08-31      7118        978861      1076355
2021-09-01      7147        988164      1087647
2021-09-02      7179        998706      1098980
2021-09-03      7209        1008038     1108870
2021-09-04      7237        1013219     1113906
2021-09-05      7263        1025643     1119769
2021-09-06      7287        1034828     1130634
2021-09-07      7323        1039767     1137502
2021-09-08      7351        1045637     1140821
2021-09-09      7372        1058853     1148767
2021-09-10      7390        1070319     1158651
2021-09-11      7416        1076132     1168933
2021-09-12      7439        1088904     1176754
2021-09-13      7457        1096609     1187703
2021-09-14      7487        1103457     1197556
2021-09-15      7509        1113514     1206381
2021-09-16      7527        1117352     1209665
2021-09-17      7543        1124257     1214687
2021-09-18      7560        1128017     1223296
2021-09-19      7585        1143998     1229843
2021-09-20      7600        1154766     1238660
2021-09-21      7614        1158911     1243487
2021-09-22      7633        1170542     1249516
2021-09-23      7653        1180318     1255966
2021-09-24      7673        1188134     1260953
2021-09-25      7695        1191308     1263603
2021-09-26      7709        1196689     1267476
2021-09-27      7723        1205690     1272715
2021-09-28      7743        1210914     1275154
2021-09-29      7765        1220501     1278784
2021-09-30      7780        1227348     1283175
2021-10-01      7798        1232337     1286797
2021-10-02      7817        1236016     1288535
2021-10-03      7840        1243747     1291234
2021-10-04      7851        1248267     1294491
2021-10-05      7865        1252385     1297025
2021-10-06      7877        1257076     1299433
2021-10-07      7887        1261055     1301524
2021-10-08      7892        1264245     1303514
2021-10-09      7897        1267169     1304356